          0.2074102017108877E+01          0.0000000000000000E+00
          0.2018956126925088E+01          0.2116174910069237E+00
          0.2005345557479298E+01          0.3918060415155583E+00
          0.2017962204792763E+01          0.5378174223943074E+00
          0.2044418851759191E+01          0.6570868128207953E+00
          0.2077601938011545E+01          0.7573974324654916E+00
          0.2113787324442312E+01          0.8442606807139567E+00
          0.2151024708578302E+01          0.9213057758966205E+00
          0.2188277014341547E+01          0.9909448337035480E+00
          0.2224990642986490E+01          0.1054826220800789E+01
          0.2260875968525698E+01          0.1114111231348262E+01
          0.2295791153319107E+01          0.1169642058895426E+01
          0.2329678502511690E+01          0.1222045768661053E+01
          0.2362528542824281E+01          0.1271800360709286E+01
          0.2394359247040102E+01          0.1319277900037652E+01
          0.2425203790301225E+01          0.1364773416536757E+01
          0.2455103241178051E+01          0.1408524744251169E+01
          0.2484102171298302E+01          0.1450726446894271E+01
          0.2512246022871493E+01          0.1491539793119943E+01
          0.2539579550297622E+01          0.1531100035926140E+01
          0.2566145924770619E+01          0.1569521815526176E+01
          0.2591986250533053E+01          0.1606903232038912E+01
          0.2617139336840167E+01          0.1643328959369891E+01
          0.2641641627837540E+01          0.1678872657233868E+01
          0.2665527228421353E+01          0.1713598862049710E+01
          0.2688827986724679E+01          0.1747564485778590E+01
          0.2711573608099721E+01          0.1780820016193527E+01
          0.2733791784660401E+01          0.1813410487192999E+01
          0.2755508330299536E+01          0.1845376270131556E+01
          0.2776747314964441E+01          0.1876753724472447E+01
          0.2797531194415102E+01          0.1907575736853906E+01
          0.2817880933348099E+01          0.1937872170886493E+01
          0.2837816120769019E+01          0.1967670244961196E+01
          0.2857355077208356E+01          0.1996994851567129E+01
          0.2876514953755650E+01          0.2025868828749307E+01
          0.2895311823182004E+01          0.2054313192145655E+01
          0.2913760763535991E+01          0.2082347334350296E+01
          0.2931875934710094E+01          0.2109989197034992E+01
          0.2949670648474231E+01          0.2137255420232505E+01
          0.2967157432512479E+01          0.2164161472370406E+01
          0.2984348088947439E+01          0.2190721764001168E+01
          0.3001253747850879E+01          0.2216949747656471E+01
          0.3017884916167439E+01          0.2242858005840689E+01
          0.3034251522489276E+01          0.2268458328840724E+01
          0.3050362958037799E+01          0.2293761783758705E+01
          0.3066228114226368E+01          0.2318778775949256E+01
          0.3081855417094441E+01          0.2343519103860250E+01
          0.3097252858926423E+01          0.2367992008124407E+01
          0.3112428027289241E+01          0.2392206215623704E+01
          0.3127388131749055E+01          0.2416169979143539E+01
          0.3142140028454597E+01          0.2439891113146083E+01
          0.3156690242803434E+01          0.2463377026118839E+01
          0.3171044990337721E+01          0.2486634749892803E+01
          0.3185210196054825E+01          0.2509670966270540E+01
          0.3199191512241079E+01          0.2532492031262286E+01
          0.3212994334991067E+01          0.2555103997187949E+01
          0.3226623819491171E+01          0.2577512632871447E+01
          0.3240084894206935E+01          0.2599723442126654E+01
          0.3253382274034845E+01          0.2621741680707816E+01
          0.3266520472535361E+01          0.2643572371879415E+01
          0.3279503813293001E+01          0.2665220320741201E+01