  1.1283791670955092   0.0000000000000000
  1.3596630397735363   0.2267604552648364
  1.5705068596616349   0.4245559630089476
  1.7618965662237682   0.6089522407468305
  1.9370615696730809   0.7867682491820380
  2.0990006812228157   0.9610242261136573
  2.2500781129554404   1.1331719141125283
  2.3921011490566264   1.3039765714862188
  2.5264577581086871   1.4738755211959351
  2.6542297407194591   1.6431356752961994
  2.7762746355003913   1.8119288081845910
  2.8932834328526913   1.9803703400919654
  3.0058213537318013   2.1485406370887943
  3.1143570349205181   2.3164973523606052
  3.2192837547146045   2.4842829066809720
  3.3209351276139789   2.6519291999490586
  3.4195968963456482   2.8194606782311804
  3.5155159255871573   2.9868963882713202
  3.6089071573600533   3.1542513886727828
  3.6999590592609541   3.3215377408812703
  3.7888379424843794   3.4887652189129690
  3.8756914211865130   3.6559418266760999
  3.9606512115015970   3.8230741810669966
  4.0438354170258766   3.9901677997619580
  4.1253504107213708   4.1572273202473546
  4.2052923966234523   4.3242566685116222
  4.2837487151718765   4.4912591903913457
  4.3607989416000352   4.6582377548698757
  4.4365158159318874   4.8251948360723746
  4.5109660350118901   4.9921325789111659
  4.5842109306739278   5.1590528520607588
  4.6563070534037809   5.3259572910259996
  4.7273066770299250   5.4928473333988475
  4.7972582371182400   5.6597242479073993
  4.8662067133553659   5.8265891584955636
  4.9341939644318629   5.9934430643983960
  5.0012590224051259   6.1602868569670068
  5.0674383523834408   6.3271213338423982
  5.1327660823703987   6.4939472109529088
  5.1972742073657763   6.6607651327139159
  5.2609927711375795   6.8275756807372803
  5.3239500285909722   6.9943793812995434
  5.3861725911890970   7.1611767117682934
  5.4476855575488186   7.3279681061538398
  5.5085126310011772   7.4947539599215940
  5.5686762256845626   7.6615346341773423
  5.6281975624924767   7.8283104593192423
  5.6870967560496428   7.9950817382332424
  5.7453928937058656   8.1618487490981373
  5.8031041074382443   8.3286117478541879
  5.8602476394081826   8.4953709703814084
  5.9168399018615485   8.6621266344270023
  5.9728965319362963   8.8288789413148390
  6.0284324419200459   8.9956280774645254
  6.0834618653822528   9.1623742157461106
  6.1379983996212477   9.3291175166888767
  6.1920550447398170   9.4958581295621585
  6.2456442397121332   9.6625961933471327
  6.2987778956808871   9.8293318376067145
  6.3514674267757023   9.9960651832704084
  6.4037237786395815  10.1627963433422930
  6.4555574549066188  10.3295254235383760
  6.5069785417644139  10.4962525228659840
  6.5579967308138851  10.6629777341467610
  6.6086213403221175  10.8297011444932920
  6.6588613350502621  10.9964228357400150
  6.7087253447243027  11.1631428848375140
  6.7582216813076217  11.3298613642126080
  6.8073583551251931  11.4965783420935120
  6.8561430899674933  11.6632938828127590
  6.9045833372257182  11.8300080470781290
  6.9526862891488133  11.9967208922269710
  7.0004588912807639  12.1634324724555040
  7.0479078541423403  12.3301428390313590
  7.0950396642091649  12.4968520404886510
  7.1418605942438163  12.6635601228079900
  7.1883767130171066  12.8302671295822160
  7.2345938944768742  12.9969731021686920
  7.2805178263836048  13.1636780798324530
  7.3261540184721312  13.3303820998741160
  7.3715078101246210  13.4970851979159540
  7.4165843777424456  13.6637874073557570
  7.4613887414938054  13.8304887604709440
  7.5059257719194390  13.9971892878385460
  7.5502001960791123  14.1638890185970330
  7.5942166033980447  14.3305879805299060
  7.6379794512106809  14.4972862001435590
  7.6814930700207329  14.6639837027398270
  7.7247616684950389  14.8306805124836280
  7.7677893382075087  14.9973766524661110
  7.8105800581482674  15.1640721447636470
  7.8531376990120529  15.3307670104929630
  7.8954660272789150  15.4974612698627150
  7.9375687090993843  15.6641549422217900
  7.9794493139954366  15.8308480461045440
  8.0211113183878151  15.9975405992732060
  8.0625581089595517  16.1642326187576830
  8.1037929858649012  16.3309241208929020
  8.1448191657922759  16.4976151213539200
  8.1856397848892062  16.6643056351888920
  8.2262579015568615  16.8309956768501080
  8.2666764991211643  16.9976852602232000
  8.3068984883870893  17.1643743986546400
  8.3469267100823235  17.3310631049776450
  8.3867639371961022  17.4977513915366420
  8.4264128772186595  17.6644392702102910
  8.4658761742863913  17.8311267524332530
  8.5051564112375519  17.9978138492167620
  8.5442561115829996  18.1645005711680090
  8.5831777413962413  18.3311869285085360
  8.6219237111267599  18.4978729310915960
  8.6604963773404382  18.6645585884185720
  8.6988980443905799  18.8312439096545780
  8.7371309660229102  18.9979289036431820
  8.7751973469177180  19.1646135789203810
  8.8130993441720875  19.3312979437278760
  8.8508390687250973  19.4979820060256340
  8.8884185867285765  19.6646657735038200
  8.9258399208660038  19.8313492535941440
  8.9631050516218753  19.9980324534806190
  9.0002159185038284  20.1647153801098010
  9.0371744212196337  20.3313980402005040
  9.0739824208110882  20.4980804402530910
  9.1106417407467184  20.6647625865582400
  9.1471541679750921  20.8314444852053560
  9.1835214539404859  20.9981261420905520
  9.2197453155625340  21.1648075629242600
  9.2558274361813755  21.3314887532384640
  9.2917694664698267  21.4981697183936510
  9.3275730253139297  21.6648504635853780
  9.3632397006632218  21.8315309938505670
  9.3987710503519946  21.9982113140735360
  9.4341686028927398  22.1648914289917160
  9.4694338582429118  22.3315713432011230
  9.5045682885461158  22.4982510611616250
  9.5395733388487418  22.6649305872019230
  9.5744504277930371  22.8316099255243330
  9.6092009482875493  22.9982890802094000
  9.6438262681558626  23.1649680552202320
  9.6783277307644280  23.3316468544067240
  9.7127066556303632  23.4983254815095640
  9.7469643390099687  23.6650039401640730
  9.7811020544686880  23.8316822339038980
  9.8151210534332556  23.9983603661645330
  9.8490225657266937  24.1650383402867170
  9.8828078000867841  24.3317161595196510
  9.9164779446686726  24.4983938270241520
  9.9500341675321682  24.6650713458755990
  9.9834776171143051  24.8317487190668200
 10.0168094226877250  24.9984259495108500
 10.0500306948053790  25.1651030400435510
 10.0831425257320490  25.3317799934261640
 10.1161459898631700  25.4984568123477580
 10.1490421441314000  25.6651334994275510
 10.1818320284013720  25.8318100572171720
 10.2145166658530520  25.9984864882028330
 10.2470970633540970  26.1651627948074080
 10.2795742118215950  26.3318389793924260
 10.3119490865735560  26.4985150442600280
 10.3442226476705180  26.6651909916547930
 10.3763958402475880  26.8318668237655340
 10.4084695948372370  26.9985425427270410
 10.4404448276832140  27.1652181506217010
 10.4723224410457880  27.3318936494811200
 10.5041033234986990  27.4985690412876660
 10.5357883502180270  27.6652443279759300
 10.5673783832632840  27.8319195114341650
 10.5988742718509560  27.9985945935056900
 10.6302768526207670  28.1652695759901700
 10.6615869498948810  28.3319444606449440
 10.6928053759302730  28.4986192491862450
 10.7239329311645100  28.6652939432903930
 10.7549704044551060  28.8319685445949500
 10.7859185733126940  28.9986430546998440
 10.8167782041282090  29.1653174751684180
 10.8475500523942330  29.3319918075285030
 10.8782348629207190  29.4986660532733960
 10.9088333700452670  29.6653402138628440
 10.9393462978380870  29.8320142907239680
 10.9697743603018440  29.9986882852521860
 11.0001182615665410  30.1653621988120730
 11.0303786960795570  30.3320360327382160
 11.0605563487910230  30.4987097883360330
 11.0906518953346560  30.6653834668825700
 11.1206660022041910  30.8320570696272470
 11.1505993269255350  30.9987305977926370
 11.1804525182247940  31.1654040525751520
 11.2102262161922340  31.3320774351457420
 11.2399210524423910  31.4987507466505900
 11.2695376502703280  31.6654239882117460
 11.2990766248042580  31.8320971609277560
 11.3285385831545360  31.9987702658742920
 11.3579241245592310  32.1654433041047200
 11.3872338405262660  32.3321162766507020
 11.4164683149723060  32.4987891845227280
 11.4456281243584460  32.6654620287106640
 11.4747138378227940  32.8321348101843000
 11.5037260173100400  32.9988075298938100
 11.5326652176980990  33.1654801887702750
 11.5615319869218900  33.3321527877261730